2 0.371843 0.690025 0.031987 0.063763
2 0.469066 0.683081 0.029672 0.063763
2 0.546349 0.655382 0.032513 0.061711
0 0.482639 0.853378 0.066077 0.293245
1 0.641993 0.731140 0.117529 0.092645
1 0.734428 0.805950 0.079125 0.089804
1 0.861795 0.882497 0.151831 0.083807
1 0.950863 0.957702 0.080177 0.084596
1 0.628946 0.825205 0.100694 0.081597
1 0.719276 0.885259 0.097433 0.079545
1 0.808502 0.948706 0.102904 0.080177
1 0.687500 0.956282 0.099747 0.083018
1 0.052294 0.587437 0.070918 0.039773
1 0.134417 0.602194 0.064920 0.040562
1 0.209701 0.615846 0.089226 0.039141
1 0.307344 0.628867 0.120791 0.045928
1 0.043192 0.646386 0.064499 0.049400
1 0.127315 0.659407 0.079125 0.035669
1 0.265046 0.669744 0.181608 0.100221
