2 0.751526 0.593198 0.080492 0.136521
2 0.563079 0.708176 0.072285 0.120896
2 0.567182 0.206597 0.093329 0.118056
0 0.642887 0.650174 0.071759 0.692393
1 0.471117 0.832702 0.109743 0.111742
1 0.415351 0.947049 0.127210 0.105903
1 0.757944 0.343119 0.077757 0.064394
1 0.831176 0.394650 0.059449 0.076862
1 0.838489 0.224747 0.089646 0.095328
1 0.904303 0.132812 0.024726 0.096749
1 0.957649 0.065183 0.045349 0.098801
1 0.910301 0.252920 0.016519 0.088542
1 0.952809 0.180161 0.020097 0.085701
1 0.473643 0.312895 0.125737 0.032986
1 0.395623 0.414141 0.120791 0.077652
1 0.300242 0.612137 0.156881 0.101484
1 0.210332 0.713699 0.179293 0.133207
1 0.120686 0.818340 0.237795 0.114583
1 0.072443 0.940420 0.105745 0.100852
1 0.645202 0.066525 0.131313 0.093277
