2 0.541351 0.256313 0.023359 0.059659
2 0.491740 0.298848 0.027462 0.041824
2 0.411406 0.303267 0.032407 0.045297
2 0.508628 0.343513 0.030093 0.029514
2 0.488058 0.345170 0.034827 0.034407
2 0.467487 0.357165 0.029251 0.039141
0 0.470907 0.745896 0.075442 0.500947
1 0.677189 0.336253 0.134049 0.104324
1 0.791561 0.409643 0.179714 0.100221
1 0.886942 0.494713 0.145518 0.076862
1 0.952862 0.555161 0.094276 0.080966
1 0.608586 0.469697 0.093855 0.085859
1 0.694602 0.549321 0.101115 0.099590
1 0.794560 0.628630 0.100694 0.102904
1 0.866846 0.690341 0.074179 0.129104
1 0.929977 0.723248 0.072285 0.101484
1 0.966593 0.755603 0.066814 0.070234
1 0.660038 0.430950 0.088805 0.085069
1 0.734638 0.488636 0.089646 0.086490
1 0.822706 0.546559 0.097433 0.076073
1 0.895202 0.611742 0.107955 0.089962
1 0.948969 0.647333 0.102062 0.092330
1 0.375737 0.546244 0.063552 0.070076
1 0.141993 0.958649 0.064499 0.071338
