2 0.607902 0.189078 0.038405 0.055556
2 0.514783 0.218198 0.046191 0.053504
2 0.403409 0.223406 0.031145 0.041824
2 0.552083 0.313920 0.047559 0.051452
2 0.510259 0.306029 0.027883 0.035669
2 0.474537 0.318024 0.038931 0.047348
2 0.488531 0.404908 0.023779 0.056345
2 0.516835 0.403488 0.028409 0.056345
2 0.550505 0.418245 0.031566 0.077652
0 0.495791 0.772017 0.081439 0.447443
1 0.773253 0.404908 0.131313 0.152304
1 0.916509 0.611506 0.166982 0.230587
1 0.766625 0.626578 0.128157 0.181187
1 0.886521 0.835069 0.226957 0.329230
1 0.655461 0.773674 0.097959 0.196970
1 0.725274 0.901752 0.139520 0.196496
1 0.191340 0.554766 0.367319 0.125631
1 0.355166 0.473169 0.204440 0.110480
