2 0.582597 0.379814 0.045034 0.072128
2 0.464226 0.386600 0.036827 0.056345
2 0.337963 0.464410 0.041246 0.054135
2 0.330440 0.670139 0.050400 0.048611
2 0.432292 0.625000 0.043666 0.041667
2 0.554398 0.588936 0.047348 0.046244
0 0.470907 0.827573 0.077125 0.342014
1 0.569918 0.886916 0.130997 0.226168
1 0.666772 0.687737 0.133207 0.208176
1 0.666298 0.494160 0.124263 0.151831
1 0.840436 0.647017 0.258312 0.200915
1 0.908723 0.806424 0.182555 0.161143
1 0.965646 0.900331 0.068708 0.070549
1 0.778725 0.880840 0.155934 0.215278
1 0.851273 0.962674 0.050400 0.074653
1 0.205808 0.287563 0.117635 0.182134
1 0.106745 0.153409 0.116688 0.152146
1 0.065762 0.058160 0.066709 0.116004
1 0.368424 0.296244 0.081334 0.078914
1 0.251684 0.177794 0.090909 0.111900
1 0.178977 0.065183 0.069865 0.090278
1 0.144413 0.020833 0.033775 0.041351
1 0.450179 0.255287 0.089962 0.097696
1 0.379893 0.178504 0.077546 0.107639
1 0.317235 0.096039 0.076599 0.109059
1 0.263731 0.040878 0.074390 0.081439
1 0.233849 0.021544 0.038615 0.042771
