2 0.580913 0.427478 0.027357 0.057607
2 0.505682 0.376420 0.021465 0.055556
2 0.431555 0.393545 0.033354 0.050032
0 0.505840 0.708965 0.032934 0.582071
3 0.500789 0.830492 0.013784 0.338068
1 0.393834 0.461174 0.047559 0.078283
1 0.343487 0.547980 0.046612 0.070707
1 0.295191 0.623737 0.069971 0.078283
1 0.241477 0.722222 0.085017 0.077652
1 0.184712 0.815893 0.059449 0.087910
1 0.127788 0.913984 0.045349 0.086490
1 0.466803 0.464883 0.030619 0.065183
1 0.428819 0.529751 0.046191 0.085069
1 0.393834 0.615215 0.074074 0.087121
1 0.342803 0.685527 0.050715 0.069918
1 0.309870 0.767598 0.072811 0.092645
1 0.250842 0.848090 0.051768 0.076862
1 0.212647 0.930792 0.052189 0.120107
1 0.480692 0.662247 0.041141 0.111111
1 0.423769 0.761364 0.110164 0.122790
1 0.371160 0.888336 0.093750 0.140625
1 0.555766 0.500237 0.047559 0.083807
