2 0.636732 0.614820 0.029987 0.032039
2 0.568655 0.647333 0.018413 0.030777
2 0.482481 0.653725 0.018624 0.030934
2 0.587437 0.700205 0.022517 0.021307
2 0.563868 0.703914 0.018098 0.021780
2 0.541877 0.712121 0.014941 0.022412
0 0.553293 0.923295 0.072075 0.153409
1 0.678714 0.907513 0.141098 0.184975
1 0.675768 0.785117 0.088699 0.120739
1 0.748316 0.869634 0.097012 0.100379
1 0.829493 0.954309 0.083439 0.091383
1 0.901989 0.876499 0.139836 0.111585
1 0.955124 0.950600 0.089752 0.077336
1 0.699863 0.683081 0.070602 0.083333
1 0.415509 0.738005 0.238426 0.062500
1 0.137100 0.721275 0.269150 0.086806
1 0.127788 0.581045 0.255366 0.080019
