2 0.560764 0.627210 0.045770 0.057765
2 0.626420 0.694760 0.041561 0.066604
2 0.735059 0.557923 0.057660 0.063131
2 0.796349 0.606613 0.059449 0.086332
2 0.402725 0.791193 0.053556 0.067235
2 0.359270 0.715041 0.050821 0.085069
1 0.532197 0.463857 0.273148 0.197601
1 0.271886 0.417614 0.252946 0.137942
1 0.394939 0.584044 0.177083 0.112532
1 0.185185 0.509154 0.251684 0.109848
1 0.051452 0.450126 0.102694 0.050821
1 0.153935 0.649069 0.307660 0.170297
1 0.894045 0.845407 0.172559 0.290878
1 0.670086 0.885574 0.085122 0.201073
1 0.426926 0.912642 0.043455 0.135890
0 0.499684 0.873580 0.102062 0.232008
0 0.686185 0.836569 0.087016 0.326862
