2 0.564657 0.295455 0.021780 0.034091
2 0.509628 0.299795 0.016309 0.028567
2 0.441446 0.367977 0.024516 0.036458
0 0.506418 0.649148 0.069655 0.644255
1 0.598274 0.513336 0.130892 0.172191
1 0.737426 0.626815 0.168245 0.160511
1 0.905093 0.758602 0.189815 0.163352
1 0.666667 0.352036 0.105219 0.044665
1 0.694339 0.385022 0.078493 0.041824
1 0.766572 0.425110 0.102378 0.053188
1 0.805766 0.453914 0.094697 0.041667
1 0.874684 0.494871 0.110059 0.043087
1 0.913984 0.531487 0.104272 0.058870
1 0.965225 0.574811 0.069339 0.059659
1 0.592487 0.384391 0.060185 0.048769
1 0.646096 0.419508 0.067866 0.044508
1 0.689184 0.456834 0.060185 0.058870
1 0.742687 0.483980 0.056292 0.058870
1 0.792824 0.522175 0.063131 0.045928
1 0.825495 0.544350 0.061132 0.050189
1 0.883733 0.600300 0.086069 0.058870
1 0.946023 0.633917 0.070707 0.051610
1 0.328125 0.316761 0.164247 0.094066
1 0.328020 0.316604 0.164247 0.094066
1 0.110006 0.226562 0.219802 0.097380
1 0.035564 0.160511 0.070918 0.050821
1 0.474800 0.258917 0.043035 0.026989
1 0.416509 0.225537 0.082597 0.027778
1 0.451231 0.245818 0.067235 0.027936
1 0.422664 0.275174 0.075126 0.026357
1 0.385154 0.255840 0.069129 0.029987
1 0.334964 0.233823 0.062184 0.018782
1 0.351799 0.196102 0.064499 0.038352
1 0.244897 0.200679 0.098169 0.030777
1 0.308712 0.172191 0.043561 0.059343
1 0.187816 0.164062 0.058081 0.014994
1 0.249316 0.150805 0.053136 0.040562
1 0.154935 0.147333 0.042614 0.020360
1 0.191288 0.121291 0.056187 0.031723
1 0.114636 0.125079 0.046191 0.017835
1 0.132681 0.095013 0.049032 0.031566
1 0.077020 0.104167 0.041246 0.023990
1 0.096065 0.078914 0.037037 0.030934
