2 0.635154 0.337910 0.035038 0.038194
2 0.576231 0.354956 0.039036 0.034091
2 0.502104 0.348090 0.028409 0.033617
2 0.592435 0.398753 0.024095 0.028251
2 0.570918 0.399700 0.015362 0.026357
2 0.547927 0.404277 0.024516 0.027620
0 0.562658 0.771859 0.049979 0.456282
1 0.662353 0.769255 0.089015 0.253788
1 0.742582 0.913273 0.101326 0.161774
1 0.718487 0.657513 0.085543 0.143308
1 0.784670 0.806424 0.098590 0.172822
1 0.855692 0.928346 0.081965 0.110480
1 0.819707 0.629577 0.128472 0.141414
1 0.894465 0.781092 0.127104 0.174874
1 0.953862 0.911932 0.087226 0.117109
1 0.817340 0.409249 0.212121 0.057134
1 0.941761 0.374921 0.116477 0.062342
1 0.490741 0.491083 0.099958 0.027620
1 0.419928 0.517756 0.172348 0.059817
1 0.351063 0.561158 0.208228 0.058554
1 0.269781 0.602904 0.184975 0.056503
1 0.287300 0.600616 0.149095 0.049400
1 0.203546 0.642677 0.174558 0.047980
1 0.183817 0.661774 0.146465 0.037563
1 0.116793 0.688052 0.189394 0.044034
1 0.079230 0.717093 0.158249 0.046559
1 0.053188 0.751499 0.106166 0.032986
1 0.029935 0.782828 0.059659 0.035985
