2 0.574074 0.316288 0.033880 0.063131
2 0.506997 0.370186 0.025147 0.036458
2 0.399306 0.388021 0.031987 0.052872
2 0.525305 0.422664 0.027883 0.035669
2 0.503367 0.431345 0.029672 0.035038
2 0.471117 0.451152 0.034827 0.052872
0 0.468592 0.809028 0.091014 0.366477
1 0.612479 0.655698 0.107955 0.168087
1 0.708123 0.764126 0.160143 0.190183
1 0.833176 0.896938 0.159617 0.181187
1 0.926084 0.971670 0.057134 0.049400
1 0.628262 0.500552 0.068182 0.092645
1 0.703283 0.589094 0.091120 0.113163
1 0.795507 0.672822 0.159196 0.142045
1 0.920823 0.809107 0.158354 0.116635
1 0.980535 0.865215 0.038931 0.058712
1 0.696181 0.434659 0.071444 0.074811
1 0.762048 0.485480 0.080492 0.089962
1 0.835753 0.565104 0.118056 0.085701
1 0.930661 0.665956 0.138678 0.132418
1 0.213542 0.924953 0.051242 0.049400
1 0.676978 0.260101 0.126263 0.061869
1 0.788615 0.116319 0.088805 0.089962
1 0.737374 0.197917 0.097854 0.074811
