2 0.693234 0.534564 0.030619 0.046717
2 0.682713 0.488636 0.029777 0.035669
2 0.488268 0.477904 0.036090 0.032197
2 0.485322 0.528725 0.038405 0.041982
2 0.584333 0.495107 0.029777 0.039141
2 0.590488 0.535906 0.023779 0.049400
2 0.657302 0.690735 0.045665 0.037721
2 0.546138 0.769255 0.034827 0.028725
2 0.546349 0.608033 0.032513 0.032986
0 0.518255 0.784407 0.072285 0.418561
0 0.620265 0.782907 0.078704 0.424085
1 0.874369 0.653961 0.247475 0.103062
1 0.864320 0.737216 0.271359 0.093750
1 0.869581 0.819366 0.259785 0.097380
1 0.747001 0.913668 0.085122 0.161301
1 0.521938 0.169192 0.051242 0.323232
1 0.588489 0.224353 0.020623 0.444602
1 0.665562 0.231534 0.064078 0.453598
