2 0.639468 0.346512 0.039247 0.049400
2 0.557344 0.415799 0.039773 0.041193
2 0.442077 0.424795 0.040720 0.038352
2 0.576810 0.467330 0.031987 0.031566
2 0.549137 0.482086 0.036195 0.041824
2 0.523727 0.498580 0.036511 0.055556
0 0.515257 0.838542 0.081860 0.322601
1 0.782197 0.511206 0.118897 0.129104
1 0.885785 0.636758 0.148674 0.124842
1 0.960175 0.733823 0.079651 0.106218
1 0.717487 0.635811 0.099327 0.140625
1 0.816498 0.758996 0.126263 0.146780
1 0.929503 0.910827 0.140993 0.156881
1 0.650200 0.735638 0.106587 0.137311
1 0.750210 0.887232 0.126263 0.155145
1 0.825652 0.970249 0.048401 0.053504
1 0.778093 0.263179 0.142677 0.133681
1 0.927189 0.095013 0.102483 0.083018
1 0.252894 0.928425 0.067656 0.060448
1 0.714910 0.357165 0.077757 0.062500
