2 0.413037 0.374369 0.066814 0.078914
2 0.542456 0.409012 0.043876 0.042456
2 0.686132 0.442314 0.052189 0.052872
0 0.568077 0.724984 0.078704 0.529198
1 0.091383 0.708176 0.119844 0.105745
1 0.208491 0.568892 0.150989 0.148201
1 0.338226 0.470407 0.108481 0.146307
1 0.459438 0.512942 0.083649 0.066604
1 0.402252 0.591856 0.125842 0.117424
1 0.280356 0.705414 0.167403 0.105587
1 0.198653 0.844381 0.142256 0.115846
1 0.079914 0.942235 0.116056 0.115530
1 0.330913 0.946259 0.121212 0.097380
1 0.410932 0.831676 0.098380 0.109691
1 0.481429 0.729482 0.088279 0.133207
1 0.632365 0.513652 0.045244 0.081597
