2 0.578388 0.478299 0.035143 0.034249
2 0.524884 0.524306 0.025147 0.047980
2 0.439552 0.535590 0.036511 0.040562
2 0.541824 0.568182 0.027883 0.034407
2 0.517572 0.574021 0.024200 0.032197
2 0.500631 0.588068 0.035143 0.042614
1 0.697759 0.574021 0.109322 0.098169
1 0.652041 0.729798 0.071759 0.095328
1 0.726799 0.786379 0.093329 0.093277
1 0.809659 0.867424 0.079545 0.086490
1 0.894729 0.933554 0.098801 0.110480
1 0.961069 0.976484 0.054082 0.045139
1 0.792719 0.657039 0.082281 0.078914
1 0.887416 0.717093 0.118056 0.096117
1 0.969329 0.778804 0.061343 0.067077
1 0.698022 0.673217 0.075968 0.065814
1 0.781092 0.727352 0.088279 0.076862
1 0.850379 0.792614 0.079545 0.083649
1 0.938657 0.859533 0.094276 0.091225
1 0.987163 0.898753 0.025673 0.032670
0 0.494423 0.863952 0.075968 0.263573
1 0.730745 0.364741 0.091961 0.094066
1 0.393782 0.794271 0.085122 0.069287
1 0.324968 0.908539 0.091014 0.069918
