2 0.589383 0.357165 0.027041 0.047348
2 0.654987 0.373264 0.033880 0.047980
2 0.736690 0.404908 0.030619 0.041193
2 0.690920 0.531802 0.022412 0.034249
2 0.665983 0.513652 0.022832 0.033617
2 0.648569 0.513652 0.023779 0.033617
0 0.699179 0.777462 0.078283 0.440657
1 0.060869 0.691604 0.121528 0.033144
1 0.184080 0.651515 0.164247 0.059659
1 0.295928 0.603851 0.230535 0.038510
1 0.472012 0.521544 0.192130 0.034249
1 0.537931 0.487847 0.172875 0.039773
1 0.078020 0.564473 0.155829 0.026989
1 0.203704 0.502683 0.086490 0.059659
1 0.313710 0.461095 0.080492 0.064552
1 0.406145 0.422743 0.055766 0.065814
1 0.498580 0.397648 0.090593 0.058239
1 0.366109 0.560922 0.161511 0.007576
