2 0.739215 0.390467 0.056713 0.060290
2 0.599432 0.420297 0.051768 0.058396
2 0.451178 0.459122 0.039773 0.071338
2 0.619581 0.581597 0.042614 0.066604
2 0.586174 0.582307 0.034301 0.045928
2 0.543140 0.598406 0.045244 0.052241
0 0.559606 0.837516 0.113952 0.323074
1 0.904146 0.589725 0.191709 0.248895
1 0.771202 0.678346 0.101536 0.166667
1 0.903883 0.857481 0.192235 0.250631
1 0.691183 0.892756 0.102483 0.168718
2 0.538352 0.042535 0.027462 0.034249
2 0.559659 0.060369 0.020623 0.024779
2 0.583439 0.075836 0.020623 0.022569
1 0.759996 0.051452 0.275884 0.060290
