2 0.522569 0.281408 0.025147 0.067235
2 0.522359 0.185290 0.026620 0.070076
2 0.520781 0.085385 0.029777 0.074811
0 0.505156 0.654987 0.070918 0.675821
1 0.178346 0.542456 0.323022 0.119949
1 0.264573 0.423769 0.145939 0.091225
1 0.385995 0.368529 0.185711 0.056187
1 0.104903 0.282434 0.198022 0.069287
1 0.290404 0.188368 0.178451 0.072128
1 0.413668 0.118056 0.135838 0.091856
1 0.152725 0.402778 0.238742 0.038510
1 0.322917 0.289536 0.160985 0.068655
1 0.845118 0.096749 0.228325 0.060290
1 0.778567 0.030224 0.398043 0.032986
1 0.757944 0.237058 0.345854 0.098169
