2 0.377788 0.484138 0.071444 0.117266
2 0.533565 0.145123 0.059975 0.107797
2 0.654093 0.321181 0.075021 0.115215
0 0.523990 0.714725 0.081860 0.557923
1 0.727536 0.734533 0.304188 0.272412
1 0.913300 0.899384 0.173401 0.172506
1 0.798664 0.398674 0.132681 0.137311
1 0.925347 0.495502 0.143624 0.127683
1 0.702599 0.214804 0.120686 0.097538
1 0.839383 0.300584 0.182976 0.105587
1 0.927241 0.369949 0.145518 0.111427
1 0.063079 0.126263 0.111637 0.212753
1 0.198653 0.252841 0.157828 0.221591
1 0.286301 0.371607 0.115320 0.117266
1 0.410985 0.165720 0.142256 0.113321
1 0.294771 0.098169 0.120265 0.111111
1 0.212016 0.036143 0.062500 0.071970
1 0.454861 0.079624 0.069024 0.045297
1 0.387626 0.041509 0.067340 0.062500
1 0.314026 0.026515 0.080913 0.052715
